              precision    recall  f1-score   support

           A       1.00      1.00      1.00        20
           B       1.00      1.00      1.00        20
           C       1.00      1.00      1.00        20
           D       0.91      1.00      0.95        21
           E       1.00      1.00      1.00        20
           F       1.00      0.90      0.95        21
           G       0.95      1.00      0.98        20
           H       1.00      1.00      1.00        21
           I       0.95      1.00      0.98        20
           K       1.00      0.60      0.75        20
           L       1.00      1.00      1.00        20
           M       0.78      0.67      0.72        21
           N       0.73      0.80      0.76        20
           O       1.00      1.00      1.00        20
           P       1.00      0.95      0.97        20
           Q       1.00      1.00      1.00        20
           R       0.94      0.80      0.86        20
           S       1.00      1.00      1.00        20
           T       1.00      1.00      1.00        20
           U       0.91      0.95      0.93        21
           V       0.77      1.00      0.87        20
           W       0.83      1.00      0.91        20
           X       1.00      1.00      1.00        21
           Y       1.00      1.00      1.00        20

    accuracy                           0.94       486
   macro avg       0.95      0.94      0.94       486
weighted avg       0.95      0.94      0.94       486
